training-sets/A1.jpg
00001000
00001000
00001000
00011100
00011100
00110110
00100110
00100110
01000010
01000011
training-sets/A2.jpg
00011000
00011100
00111100
00111100
00110100
00100110
01111110
01111111
01000011
11000011
training-sets/A3.jpg
00011000
00011000
00111100
00111100
00100110
01100110
01100110
01111110
11000011
11000011
training-sets/A4.jpg
00001000
00011100
00011100
00011100
00010100
00100110
00111110
00100010
01000011
11100111
training-sets/A5.jpg
00001000
00001000
00011100
00011100
00010100
00110110
00111110
01100011
01000011
11100111
training-sets/A6.jpg
00011000
00011100
00011100
00111100
00101100
00111110
00100110
01000010
01000011
11100111
training-sets/B1.jpg
11111100
01101110
01100011
01100011
01100011
01111110
01100011
01100011
01100011
01100111
training-sets/B2.jpg
11111110
11111111
11000011
11000111
11111110
11111111
11000011
11000011
11000111
11111110
training-sets/B3.jpg
11111100
11111110
11000011
11000011
11000110
11111111
11000011
11000011
11000011
11111111
training-sets/B4.jpg
11111111
00110001
00110001
00110011
00111111
00110000
00110000
00110000
00110000
01110000
training-sets/B5.jpg
11111110
01000011
01000011
01000011
01111100
01000011
01000001
01000001
01000011
11111110
training-sets/B6.jpg
11111111
01100011
01100011
01100011
01111111
01100011
01100001
01100001
01100011
11111111
training-sets/C1.jpg
00011111
00110011
01100001
11000000
11000000
11000000
11000000
11000000
01100001
00110011
training-sets/C2.jpg
00111110
01111111
11100011
11000011
11000000
11000000
11000001
11000011
11110111
01111110
training-sets/C3.jpg
00011110
00111111
00100001
01100000
11000000
11000000
11000000
01100000
01100001
00111111
training-sets/C4.jpg
00111111
01100001
11100001
11000000
11000000
11000000
11000000
11100000
01100001
00111111
training-sets/C5.jpg
00011101
01110011
01100001
11000001
11000000
11000000
11000000
01100000
01110011
00011110
training-sets/C6.jpg
00111111
01100011
01000011
11000001
11000000
11000000
11000000
11000001
01100011
00111110
training-sets/D1.jpg
11111100
01100110
01100011
01100011
01100001
01100001
01100001
01100011
01100011
01100110
training-sets/D2.jpg
11111110
11111111
11000011
11000001
11000001
11000001
11000001
11000011
11000111
11111111
training-sets/D3.jpg
11111100
11111110
11000011
11000001
11000001
11000001
11000001
11000001
11000011
11111110
training-sets/D4.jpg
11111110
01100011
01100001
01100001
01100001
01100001
01100001
01100011
01100111
11111110
training-sets/D5.jpg
11111100
01100011
01100001
01100001
01100001
01100001
01100001
01100001
01100011
11111110
training-sets/D6.jpg
11111110
01100111
01100011
01100001
01100001
01100001
01100001
01100011
01100011
11111110
training-sets/E1.jpg
11111111
01100011
01100001
01100000
01100010
01111110
01100010
01100000
01100001
01100011
training-sets/E2.jpg
11111111
11111111
11000000
11000000
11111110
11111110
11000000
11000000
11000000
11111111
training-sets/E3.jpg
11111111
11111111
11100000
11100000
11100000
11111111
11100000
11100000
11100000
11111111
training-sets/E4.jpg
11111111
01100001
01100010
01100010
01111110
01100110
01100010
01100001
01100001
11111111
training-sets/E5.jpg
11111111
01000011
01000101
01001100
01111100
01001100
01000100
01000001
01000011
11111111
training-sets/E6.jpg
11111111
01100011
01100101
01100100
01111100
01101100
01100101
01100001
01100011
11111111
training-sets/F1.jpg
11111111
00110001
00110000
00110000
00110010
00111110
00110000
00110000
00110000
00110000
training-sets/F2.jpg
11111111
11111111
11000000
11000000
11111110
11111110
11000000
11000000
11000000
11000000
training-sets/F3.jpg
11111111
11111111
11100000
11100000
11100000
11111111
11100000
11100000
11100000
11100000
training-sets/F4.jpg
11111111
00100000
00100000
00100000
00111110
00100010
00100000
00100000
00100000
11111000
training-sets/F5.jpg
11111111
01100001
01100100
01100100
01111100
01100100
01100100
01100000
01100000
11110000
training-sets/F6.jpg
11111111
01100011
01100001
01100100
01101100
01111100
01100100
01100000
01100000
11110000
training-sets/G1.jpg
00011110
00110110
01000010
11000001
11000000
11000111
11000011
11000011
01100011
00110111
training-sets/G2.jpg
00111110
01111111
11100011
11000011
11000000
11001111
11001111
11000001
01110011
01111111
training-sets/G3.jpg
00011110
00011111
00100000
01100000
11000000
11000111
11000001
11100001
01100001
00111111
training-sets/G4.jpg
00111111
01100001
11000001
11000000
11000000
11000000
11000111
11000001
01100001
00111111
training-sets/G5.jpg
00011110
01100010
01100010
11000011
11000000
11000011
11000011
01100011
01100011
00011101
training-sets/G6.jpg
00111110
01100110
11000010
11000010
11000000
11000111
11000010
11000010
01100010
00111110
training-sets/H1.jpg
11110111
01100010
01100010
01100010
01100010
01111110
01100010
01100010
01100010
01100011
training-sets/H2.jpg
11000001
11000001
11000001
11000001
11111111
11111111
11000001
11000001
11000001
11000001
training-sets/H3.jpg
11000001
11000001
11000001
11000001
11000001
11111111
11000001
11000001
11000001
11000001
training-sets/H4.jpg
11100111
01000010
01000010
01000010
01111110
01111110
01000010
01000010
01100010
11100111
training-sets/H5.jpg
11100111
01100010
01100010
01100010
01111110
01100010
01100010
01100010
01100010
11100111
training-sets/H6.jpg
11110111
01100010
01100010
01100010
01111110
01100010
01100010
01100010
01100010
11110111
training-sets/I1.jpg
11111111
00111100
00111000
00111000
00111000
00111000
00111000
00111000
00111000
00111100
training-sets/I2.jpg
11111111
11111111
11111111
11111111
11111111
11111111
11111111
11111111
11111111
11111111
training-sets/I3.jpg
11111111
11111111
11111111
11111111
11111111
11111111
11111111
11111111
11111111
11111111
training-sets/I4.jpg
11111111
00011100
00011100
00011100
00011100
00011100
00011100
00011100
00011100
11111111
training-sets/I5.jpg
11111111
00110000
00110000
00110000
00110000
00110000
00110000
00110000
00110000
11111111
training-sets/I6.jpg
11111111
00111000
00011000
00011000
00011000
00011000
00011000
00011000
00011000
11111111
training-sets/J1.jpg
00111111
00001110
00001110
00001110
00001110
00001110
00001110
00001110
00001100
11101000
training-sets/J2.jpg
00000011
00000011
00000011
00000011
00000011
00000011
00000011
11000011
11100111
01111111
training-sets/J3.jpg
00000111
00000111
00000111
00000111
00000111
00000111
00000111
00000111
11000111
11111110
training-sets/J4.jpg
01111111
00001110
00001110
00001110
00001110
00001110
00001110
00001110
00001100
11111000
training-sets/J5.jpg
00001111
00000010
00000010
00000010
00000010
00000010
11000010
11000010
11000110
01111100
training-sets/J6.jpg
00001111
00000110
00000110
00000110
00000110
00000110
11000110
11000110
11000110
01111100
training-sets/K1.jpg
11111111
01100110
01100100
01101000
01110000
01110000
01111000
01101100
01100110
01100111
training-sets/K2.jpg
11000011
11000111
11001110
11011100
11111000
11111100
11101100
11001110
11000111
11000011
training-sets/K3.jpg
11000011
11000011
11001110
11001100
11110000
11110000
11011000
11001100
11000110
11000011
training-sets/K4.jpg
11110111
01100110
01101100
01111000
01110000
01111000
01111000
01101110
01100110
11110011
training-sets/K5.jpg
11110111
01100110
01101100
01101000
01110000
01111000
01101100
01101110
01100110
11111111
training-sets/K6.jpg
11110111
01100110
01101100
01101000
01111000
01111000
01101100
01101100
01100110
11111111
training-sets/L1.jpg
11111000
01110000
01100000
01100000
01100000
01100000
01100000
01100000
01100001
01110011
training-sets/L2.jpg
11000000
11000000
11000000
11000000
11000000
11000000
11000000
11000000
11000000
11111111
training-sets/L3.jpg
11000000
11000000
11000000
11000000
11000000
11000000
11000000
11000000
11000000
11111111
training-sets/L4.jpg
11110000
01100000
01100000
01100000
01100000
01100000
01100000
01100001
01100001
11111111
training-sets/L5.jpg
11110000
01100000
01100000
01100000
01100000
01100000
01100000
01100001
01100011
11111110
training-sets/L6.jpg
11110000
01100000
01100000
01100000
01100000
01100000
01100001
01100001
01100011
11111111
training-sets/M1.jpg
11000011
11100011
01100011
01100111
01110111
01110111
01111111
01011011
01011011
11011011
training-sets/M2.jpg
11000011
11000011
11100011
11100011
11110111
11110101
11111101
11111101
11011101
11011001
training-sets/M3.jpg
11000011
11000011
11000011
11100111
10100101
10110101
10111101
10111101
10011001
10011001
training-sets/M4.jpg
11000011
11100011
11100111
11100111
11110111
11111111
11111011
11011011
11011011
11110111
training-sets/M5.jpg
11000011
01000010
01100110
01100110
01100110
01111110
01011010
01011010
01011010
11000011
training-sets/M6.jpg
11100011
01100111
01100111
01110111
01110111
01111111
01111111
01011011
01011011
11111111
training-sets/N1.jpg
11100111
01100011
00110000
00110000
00011000
00001000
00001100
00000110
00000110
01100010
training-sets/N2.jpg
11000001
11100001
11110001
11110001
11111001
11011101
11001101
11001111
11000111
11000011
training-sets/N3.jpg
11100001
11100001
11110001
11010001
11011001
11001101
11001101
11000111
11000011
11000011
training-sets/N4.jpg
11100111
01100010
01110010
01110010
01011010
01011010
01001110
01001110
01000110
11100110
training-sets/N5.jpg
11100111
01110011
01010010
01010010
01001010
01001010
01001110
01000110
01000110
11100010
training-sets/N6.jpg
11100111
01110010
01110010
01011010
01011010
01001110
01001110
01000110
01000110
11100010
training-sets/O1.jpg
00011100
00110110
01100011
11100011
11000001
11000001
11000001
11100011
01100011
00110110
training-sets/O2.jpg
00111110
01111111
11100011
11000011
11000001
11000001
11000001
11000011
01110111
01111110
training-sets/O3.jpg
00111100
01111110
11100011
11000011
11000001
11000001
11000001
11000011
11000011
01111110
training-sets/O4.jpg
00111110
01000011
11000001
11000001
11000001
11000001
11000001
11000001
01100011
00111110
training-sets/O5.jpg
00011110
01100011
01100001
11000001
11000001
11000001
11000001
01100001
01110011
00011110
training-sets/O6.jpg
00111110
01100011
11000011
11000001
11000001
11000001
11000001
11000011
01100011
00111110
training-sets/P1.jpg
11111110
00110011
00110011
00110001
00110001
00110011
00110000
00110000
00110000
00110000
training-sets/P2.jpg
11111111
11111111
11000011
11000011
11000111
11111111
11111110
11000000
11000000
11000000
training-sets/P3.jpg
11111100
11111111
11000011
11000011
11000011
11111110
11111100
11000000
11000000
11000000
training-sets/P4.jpg
11111111
01100011
01100001
01100011
01100111
01101110
01100000
01100000
01100000
11111000
training-sets/P5.jpg
11111110
01000011
01000011
01000011
01000011
01111110
01000000
01000000
01100000
11110000
training-sets/P6.jpg
11111111
01100011
01100001
01100011
01100011
01111110
01100000
01100000
01100000
11110000
training-sets/Q1.jpg
00111110
01100011
11000011
11000011
11000011
11000011
11100011
01100110
00011100
00001111
training-sets/Q2.jpg
00111110
01111111
11100011
11000011
11000001
11000001
11000011
11101111
01111111
00111111
training-sets/Q3.jpg
01111100
11101110
11000010
11000010
11000010
11000010
11000010
11101110
01111111
00000011
training-sets/Q4.jpg
00111110
01100011
11000001
11000001
11000001
11000001
11100011
01110110
00011110
00001111
training-sets/Q5.jpg
00011110
01100011
01100001
11000001
11000001
11000001
01100001
00011110
00001000
00001000
training-sets/Q6.jpg
00111110
01100011
11000001
11000001
11000001
11000001
01100011
01110110
00001000
00001001
training-sets/R1.jpg
11111100
01101100
01100110
01100110
01100110
01111100
01111100
01101100
01100110
01100011
training-sets/R2.jpg
11111110
11111111
11000011
11000011
11111111
11111110
11001100
11001110
11000111
11000011
training-sets/R3.jpg
11111100
11111110
11000011
11000011
11000110
11111100
11001100
11000110
11000011
11000011
training-sets/R4.jpg
11111110
01100011
01100011
01100010
01111100
01111100
01101100
01100110
01100111
11110011
training-sets/R5.jpg
11111110
01100011
01100011
01100011
01111110
01101000
01101100
01100110
01100011
11110011
training-sets/R6.jpg
11111110
01100011
01100011
01100011
01111110
01111000
01101100
01101110
01100110
11110011
training-sets/S1.jpg
00111101
00110111
11000001
11100001
01111000
00111110
00000111
11000001
11000001
11110011
training-sets/S2.jpg
01111110
11111111
11000011
11100000
01111100
00111111
00000011
11000001
11110011
01111111
training-sets/S3.jpg
00011111
01111111
11100000
11100000
01111000
00011111
00000111
00000011
00000011
11111111
training-sets/S4.jpg
00111111
11100001
11000001
11100000
11111110
00111111
00000001
10000001
11000011
11111110
training-sets/S5.jpg
01111111
11000111
11000001
11100000
00111100
00001111
00000001
10000001
11100011
11111110
training-sets/S6.jpg
01111110
11000111
11000011
11100001
01111100
00011111
10000011
11000011
11100011
11111110
training-sets/T1.jpg
11111111
11011001
10011000
00011000
00011000
00011000
00011000
00011000
00011000
00011000
training-sets/T2.jpg
11111111
11111111
00011000
00011000
00011000
00011000
00011000
00011000
00011000
00011000
training-sets/T3.jpg
11111111
11111111
00011000
00011000
00011000
00011000
00011000
00011000
00011000
00011000
training-sets/T4.jpg
11111111
10011100
10011000
00011000
00011000
00011000
00011000
00011000
00011000
00111110
training-sets/T5.jpg
01111111
11001001
10001000
00001000
00001000
00001000
00001000
00001000
00001000
00011110
training-sets/T6.jpg
11111111
11011011
10011001
10011001
00011000
00011000
00011000
00011000
00011000
00011000
training-sets/U1.jpg
11110111
01100011
01100000
01100000
01100000
01100000
01100000
01100000
00100010
00110110
training-sets/U2.jpg
11000001
11000001
11000001
11000001
11000001
11000001
11000001
11000011
11100111
01111111
training-sets/U3.jpg
11000001
11000001
11000001
11000001
11000001
11000001
11000001
11000001
01100011
00111110
training-sets/U4.jpg
11110011
01100001
01100000
01100000
01100000
01100000
01100000
01100010
00110110
00111110
training-sets/U5.jpg
11100011
01100010
01100010
01100010
01100010
01100010
01100010
01100010
01100010
00011100
training-sets/U6.jpg
11110111
01000010
01000010
01000010
01000010
01000010
01000010
01100010
01100010
00111110
training-sets/V1.jpg
11110011
01100011
01100010
00100010
00110010
00110000
00010100
00011100
00011100
00001000
training-sets/V2.jpg
11000001
11100011
01100011
01100011
01100010
00110110
00110110
00011100
00011100
00011100
training-sets/V3.jpg
11000011
11000011
11000011
01100010
01100110
00100110
00110110
00111100
00111100
00011000
training-sets/V4.jpg
11110011
01100011
01100010
00100010
00110100
00110100
00110100
00011100
00011000
00001000
training-sets/V5.jpg
11100011
01100001
00100011
00100010
00000010
00010000
00010100
00011100
00011100
00001100
training-sets/V6.jpg
11100011
01100011
01100011
00100010
00110110
00110100
00110100
00011100
00011100
00011000
training-sets/W1.jpg
11111011
11011001
01011001
01011011
01111010
01111110
01111110
00111100
00110100
00100100
training-sets/W2.jpg
10011001
11011101
11011101
11011111
11011111
01010111
01110111
01110110
01100110
01100110
training-sets/W3.jpg
10011001
10011001
11011001
11011011
11011111
01111111
01111111
01110110
01110110
01100110
training-sets/W4.jpg
11101011
01001001
01001001
01011101
01011110
01110110
01110110
00110110
00100110
00100110
training-sets/W5.jpg
11111101
01001001
01001001
00101000
00101100
00101110
00110110
00110110
00110110
00010000
training-sets/W6.jpg
11111011
11011011
01001011
01011010
01111010
01111110
01111110
00111110
00111100
00110100
training-sets/X1.jpg
11110111
01110011
00110110
00110100
00011000
00001000
00011100
00110100
00100110
01100111
training-sets/X2.jpg
11100011
01100111
01110110
00111100
00011100
00011100
00111100
01111110
01100111
11100011
training-sets/X3.jpg
01100001
01100011
00100010
00110110
00011100
00011100
00011100
00110110
00100010
01100001
training-sets/X4.jpg
11100011
01100010
00110100
00011100
00011000
00011100
00011100
00100110
01100110
11000011
training-sets/X5.jpg
11110011
00100010
00010000
00011100
00011000
00011100
00010100
00100010
00100011
11100011
training-sets/X6.jpg
11110111
01110110
00110110
00011100
00011000
00011100
00111100
00110110
01100110
11100111
training-sets/Y1.jpg
11110111
11100011
01100010
00110100
00110100
00011000
00001000
00001000
00001000
00011000
training-sets/Y2.jpg
11000011
11100011
01110111
00110110
00111100
00011100
00001000
00001000
00001000
00001000
training-sets/Y3.jpg
11000001
11000001
01100010
00110110
00110100
00011000
00001000
00001000
00001000
00001000
training-sets/Y4.jpg
11100011
01100011
01110010
00110100
00011100
00011100
00011000
00011000
00011000
00011100
training-sets/Y5.jpg
11110111
01100011
00110010
00110100
00011100
00001000
00001000
00001000
00001000
00011100
training-sets/Y6.jpg
11100111
01100010
01100110
00110100
00111100
00011000
00011000
00011000
00011000
00111100
training-sets/Z1.jpg
01111111
01000011
00000110
00001100
00011100
00011000
00110000
01110000
01100001
11000011
training-sets/Z2.jpg
11111111
11111111
00000111
00001110
00011100
00111000
00110000
01110000
11100000
11111111
training-sets/Z3.jpg
01111111
01111111
00000011
00000110
00001100
00001000
00011000
00110000
01100000
11111111
training-sets/Z4.jpg
01111111
01000111
00001110
00001110
00001100
00011000
00110000
01110000
11100000
11111111
training-sets/Z5.jpg
00111111
01100011
01000110
00001100
00001000
00011000
00010000
00110000
01100001
11111111
training-sets/Z6.jpg
01111111
11000110
10001110
00001100
00011000
00111000
00110001
01110001
11100011
11111111
